0
101
202
303
404
505
506
507
508
509
510
511
512
513
514
515
516
617
718
819
820
821
822
823
824
825
926
1027
1028
1029
1030
1031
1032
1033
1034
1035
1036
1037
1038
1039
1040
1041
1042
1143
1242
1241
1340
1439
1438
1337
1236
1235
1234
1333
1432
1531
1630
1729
1828
1827
1826
1825
1824
1823
1822
1821
1820
1819
1818
1817
1816
1815
1814
1813
1812
1911
2011
2111
2211
2311
2411
2512
2613
2714
2815
2916
3017
3118
3219
3320
3421
3522
3623
3624
3625
3626
3627
3628
3629
3630
3631
3632
3633
3634
3635
3636
3637
3638
3639
3640
3641
3642
3643
3744
3845
3946
4047
4148
4249
4350
4451
4552
4653
4754
4855
4956
4957
4958
4959
4960
4961
4962
4963
4964
4965
4966
4967
4868
4767
4766
4765
4764
4763
4762
4761
4760
4759
4758
4657
4558
4459
4560
4561
4562
4563
4564
4465
4364
4263
4162
4161
4160
4159
4158
4057
3958
3959
3960
3961
3962
3963
3964
3965
3966
4067
4167
4267
4368
4369
4370
4371
4372
4373
4274
4175
4076
4077
4078
4079
3980
3879
3778
3677
3676
3675
3674
3773
3672
3671
3670
3669
3668
3667
3666
3665
3664
3663
